500, 0.05, 0.01
1, 38.34, 64.25, 437.3908147913047, 2, Agent-23
2, 27.42, 43.88, 206.59388726936513, 1, Agent-355
3, 30.64, 50.57, 435.13101763432917, 2, Agent-71
4, 35.61, 55.3, 435.33101763432916, 2, Agent-340
5, 36.59, 70.36, 635.2176628401853, 2, Agent-300
6, 36.13, 65.06, 535.1922135536921, 2, Agent-180
7, 34.23, 56.26, 435.4952710014594, 2, Agent-82
8, 42.72, 68.88, 535.1922135536921, 2, Agent-226
9, 45.62, 74.6, 636.4861373119542, 2, Agent-191
10, 52.9, 81.56, 678.506429172309, 2, Agent-291
11, 59.32, 96.17, 1020.3740776268639, 3, Agent-90
12, 65.87, 112.67, 1449.7423623105128, 3, Agent-421
13, 75.79, 129.78, 1136.9346235388937, 3, Agent-336
14, 77.02, 116.63, 1135.0470597231347, 3, Agent-344
15, 69.79, 114.8, 1124.774767150092, 3, Agent-386
16, 107.4, 153.94, 1902.151714845519, 4, Agent-343
17, 84.84, 155.55, 2034.3930777509383, 3, Agent-316
18, 99.69, 264.81, 4897.925061672724, 6, Agent-381
19, 93.6, 146.45, 1933.8027151322149, 4, Agent-398
20, 124.15, 164.99, 1108.7675928457952, 3, Agent-487
21, 103.95, 165.23, 1414.695407124813, 3, Agent-52
22, 92.26, 144.57, 1428.8511867391057, 3, Agent-206
23, 105.36, 200.88, 1645.1234348725732, 3, Agent-318
24, 112.28, 161.25, 1900.658125578293, 4, Agent-146
25, 90.54, 132.62, 1130.65195117791, 3, Agent-3
26, 118.11, 180.38, 1891.094693635902, 4, Agent-9
27, 135.29, 179.64, 1131.1170042029607, 3, Agent-350
28, 142.22, 227.33, 2977.176584308135, 5, Agent-331
29, 122.61, 166.03, 1500.7617166081789, 3, Agent-498
30, 116.61, 157.82, 1880.2756374148703, 4, Agent-457
31, 138.66, 202.89, 1974.3955799594175, 4, Agent-479
32, 133.19, 219.26, 2060.2579385493755, 4, Agent-204
33, 137.59, 232.23, 2909.488788590069, 5, Agent-126
34, 120.63, 167.54, 1124.6675447664693, 3, Agent-410
35, 151.19, 274.04, 4340.095106397728, 5, Agent-7
36, 175.44, 375.76, 6456.33736226115, 7, Agent-439
37, 182.27, 371.11, 4443.706228103232, 6, Agent-194
38, 163.15, 252.16, 1951.153276883307, 4, Agent-358
39, 140.91, 211.0, 1937.1473279313964, 4, Agent-407
40, 122.93, 155.34, 1313.8792163584203, 2, Agent-251
41, 118.6, 177.6, 1874.469783538044, 3, Agent-474
42, 139.31, 228.02, 2353.6654693767837, 4, Agent-314
43, 64.99, 95.87, 1012.79316517689, 3, Agent-71
44, 72.85, 105.46, 965.4158746095782, 2, Agent-410
45, 113.1, 166.33, 1447.313385914936, 3, Agent-438
46, 111.35, 151.83, 1300.9537106787363, 2, Agent-487
47, 121.37, 184.87, 1228.3532833728016, 3, Agent-482
48, 167.96, 199.02, 1221.1931607684178, 3, Agent-307
49, 167.17, 202.69, 2243.0934927426547, 4, Agent-272
50, 167.09, 256.36, 2936.6004502709034, 5, Agent-163
51, 202.76, 306.13, 3044.1103964863123, 5, Agent-400
52, 220.44, 391.59, 4428.362025214518, 6, Agent-98
53, 235.03, 397.3, 3801.5023594171776, 5, Agent-162
54, 329.1, 569.8, 5043.190723667925, 6, Agent-103
55, 237.74, 372.49, 4286.070167944488, 5, Agent-275
56, 205.5, 281.33, 2404.5225450131356, 4, Agent-4
57, 201.43, 345.09, 2901.6200497707864, 4, Agent-87
58, 188.97, 227.53, 2013.568155099704, 4, Agent-369
59, 183.2, 612.85, 12605.38586761419, 10, Agent-87
60, 200.21, 374.55, 3386.6646600937443, 5, Agent-12
61, 156.09, 230.38, 1972.5262471541869, 4, Agent-408
62, 125.91, 180.32, 1218.3976014769373, 3, Agent-68
63, 169.5, 240.74, 2291.5632844614097, 4, Agent-420
64, 282.87, 459.01, 4340.5348082456385, 6, Agent-402
65, 281.94, 476.25, 5534.262852903628, 6, Agent-275
66, 305.98, 542.47, 6981.600372074694, 7, Agent-342
67, 336.6, 681.11, 8470.706694422483, 8, Agent-331
68, 292.39, 592.34, 6721.086482827454, 5, Agent-147
69, 392.96, 860.33, 9072.576269563084, 8, Agent-62
70, 308.51, 497.1, 4379.40957154816, 4, Agent-4
71, 233.2, 416.88, 3418.089498170103, 5, Agent-24
72, 223.8, 359.44, 3791.6223210548205, 5, Agent-435
73, 321.94, 844.21, 15906.257127143213, 11, Agent-375
74, 510.56, 847.9, 7923.44954518305, 8, Agent-481
75, 486.97, 810.23, 7656.018372078905, 8, Agent-492
76, 589.37, 1284.27, 18502.799318105477, 12, Agent-136
77, 631.1, 1133.1, 14200.89830309606, 10, Agent-0
78, 464.45, 822.13, 7854.5168080920575, 8, Agent-76
79, 441.75, 877.64, 12675.112887314071, 10, Agent-292
80, 406.56, 663.33, 7575.656485151133, 8, Agent-203
81, 351.2, 511.09, 3977.061192765442, 5, Agent-49
82, 393.74, 613.4, 5198.622570420706, 6, Agent-182
83, 316.82, 525.78, 5938.002050896145, 7, Agent-489
84, 424.99, 689.26, 6665.618146806536, 5, Agent-2
85, 422.66, 670.26, 6087.062251089226, 6, Agent-436
86, 337.33, 474.18, 5905.308747632274, 7, Agent-313
87, 269.98, 433.57, 5230.020529065783, 6, Agent-376
88, 364.94, 587.47, 4701.512252004842, 6, Agent-471
89, 373.86, 524.75, 5020.563316318489, 6, Agent-34
90, 544.95, 762.36, 7159.6881233633, 7, Agent-234
91, 537.06, 1027.24, 14068.035378062874, 10, Agent-95
92, 915.54, 2033.78, 22679.66634685434, 11, Agent-286
93, 841.76, 1691.78, 15583.286566695499, 11, Agent-12
94, 1023.86, 2085.75, 17312.329028916585, 8, Agent-61
95, 680.45, 1457.9, 12566.16369125839, 10, Agent-65
96, 720.82, 1137.4, 10875.326126110194, 8, Agent-320
97, 699.41, 1375.53, 19822.36429046927, 10, Agent-105
98, 705.62, 1376.99, 12418.026813806611, 8, Agent-61
99, 575.1, 1127.26, 11010.981994095757, 8, Agent-116
100, 782.78, 1460.14, 14188.767170841567, 10, Agent-70
101, 728.25, 1234.55, 10138.61960825572, 8, Agent-3
102, 717.2, 1593.19, 20789.440004151395, 12, Agent-302
103, 862.55, 1666.29, 16350.683108101186, 11, Agent-484
104, 729.1, 1346.76, 10265.385143790254, 9, Agent-406
105, 807.92, 1554.38, 12631.99031468608, 7, Agent-223
106, 1378.14, 3194.57, 38301.12495445598, 12, Agent-163
107, 1090.5, 2321.08, 20394.175192482795, 12, Agent-3
108, 1199.39, 2354.88, 17537.027712803054, 9, Agent-428
109, 980.89, 1913.9, 14424.188952154733, 8, Agent-412
110, 1180.29, 2417.85, 22726.346899210253, 13, Agent-285
111, 782.78, 1536.98, 11729.107060065473, 8, Agent-160
112, 769.69, 1462.69, 12129.053847067336, 10, Agent-266
113, 606.59, 1394.66, 18586.797021096372, 12, Agent-192
114, 594.29, 1298.25, 18231.934806544177, 9, Agent-144
115, 580.92, 1336.49, 12659.056124069128, 10, Agent-480
116, 421.76, 901.25, 8512.890297031356, 6, Agent-233
117, 477.32, 903.92, 10959.369554891873, 9, Agent-379
118, 355.69, 610.49, 7370.714972596317, 7, Agent-10
119, 380.3, 640.37, 5866.608722345531, 7, Agent-20
120, 323.89, 502.86, 5107.172323371645, 6, Agent-414
121, 442.55, 1075.5, 15336.018764978411, 11, Agent-474
122, 510.96, 946.51, 10083.287636097997, 9, Agent-433
123, 410.86, 770.62, 7890.002263476956, 7, Agent-432
124, 493.1, 818.97, 8458.152581250773, 8, Agent-255
125, 471.11, 846.65, 10061.742783740283, 9, Agent-20
126, 468.19, 1057.5, 18586.614408317815, 12, Agent-354
127, 415.85, 594.43, 4269.9668181019715, 6, Agent-356
128, 461.93, 656.64, 7124.969389525182, 7, Agent-13
129, 429.34, 556.63, 4724.621254713701, 5, Agent-126
130, 333.18, 473.96, 4603.925971597615, 6, Agent-1
131, 242.77, 366.53, 3170.8465000239357, 4, Agent-262
132, 245.25, 284.49, 2310.266470105042, 4, Agent-208
133, 346.36, 460.05, 4698.080611146192, 6, Agent-4
134, 342.62, 449.81, 3362.1936404495073, 5, Agent-0
135, 393.94, 706.37, 8948.293766874216, 7, Agent-49
136, 339.85, 638.28, 7041.054486388251, 6, Agent-39
137, 263.92, 334.62, 2389.1761273921916, 4, Agent-223
138, 249.89, 398.87, 4003.7464068595095, 5, Agent-94
139, 216.77, 300.63, 2800.245725635149, 3, Agent-350
140, 325.4, 548.87, 6135.908050817267, 7, Agent-5
141, 397.1, 735.6, 8870.46542505107, 5, Agent-370
142, 451.3, 855.49, 9025.597255685616, 8, Agent-185
143, 377.7, 558.33, 4771.152978694048, 5, Agent-322
144, 441.69, 595.05, 4586.652633466403, 6, Agent-131
145, 369.87, 673.86, 10245.957788589369, 7, Agent-223
146, 303.76, 595.39, 5759.081787823108, 5, Agent-414
147, 652.04, 1288.98, 14224.786053536436, 9, Agent-73
148, 611.31, 1226.28, 12296.404197446947, 10, Agent-426
149, 445.24, 675.99, 6006.904695485181, 7, Agent-286
150, 408.17, 776.0, 10629.451769859741, 8, Agent-408
151, 288.61, 452.52, 4391.8662751103875, 6, Agent-465
152, 525.67, 900.34, 8155.494766793077, 8, Agent-324
153, 552.67, 853.36, 9941.52965333412, 8, Agent-140
154, 601.39, 830.8, 5522.5942660506435, 6, Agent-457
155, 532.66, 840.2, 12367.49976334371, 10, Agent-335
156, 408.29, 546.97, 6425.007576978036, 7, Agent-2
157, 403.68, 481.55, 2963.800927507564, 4, Agent-404
158, 392.09, 484.47, 4748.870360323047, 6, Agent-459
159, 469.09, 617.9, 4648.455116988224, 6, Agent-442
160, 338.79, 509.68, 6653.9520941566125, 7, Agent-468
161, 385.51, 484.19, 3244.435627979221, 5, Agent-447
162, 455.94, 534.12, 3359.2423597339393, 5, Agent-116
163, 365.96, 472.07, 3327.1292433078474, 5, Agent-166
164, 375.35, 515.64, 4721.401012653483, 6, Agent-114
165, 261.71, 389.27, 3618.0706334098745, 4, Agent-252
166, 251.9, 339.58, 3331.1245877810265, 5, Agent-431
167, 222.1, 307.15, 2068.4768908944216, 4, Agent-315
168, 255.47, 427.32, 4166.905965475112, 6, Agent-202
169, 250.04, 330.72, 3061.20792617879, 5, Agent-19
170, 275.5, 501.71, 7731.625908825986, 8, Agent-453
171, 295.79, 512.78, 5968.015855790969, 6, Agent-221
172, 406.43, 648.47, 6895.545886577088, 7, Agent-360
173, 210.31, 412.99, 4355.157351042051, 6, Agent-373
174, 200.44, 415.79, 4668.0243545742505, 6, Agent-98
175, 355.59, 504.64, 3998.440097705614, 5, Agent-392
176, 376.58, 535.39, 4796.498706241632, 6, Agent-208
177, 405.83, 675.07, 6206.152499210169, 5, Agent-45
178, 336.88, 483.49, 3438.1925964871343, 5, Agent-134
179, 453.82, 686.93, 6063.918501867232, 7, Agent-367
180, 430.79, 682.32, 7688.050478085968, 7, Agent-89
181, 477.21, 679.16, 7050.622455712708, 6, Agent-417
182, 589.91, 973.32, 7944.692550796589, 6, Agent-203
183, 542.14, 800.9, 6110.832563734587, 7, Agent-224
184, 343.56, 562.39, 6808.288177298663, 6, Agent-4
185, 323.99, 513.92, 5814.201438470606, 5, Agent-55
186, 601.6, 860.53, 5315.24200981452, 6, Agent-156
187, 511.47, 1045.7, 10514.927680660281, 8, Agent-110
188, 591.73, 1073.13, 9843.74896301564, 8, Agent-32
189, 537.85, 695.52, 3443.6486526720373, 5, Agent-177
190, 305.15, 725.08, 11968.397906572276, 9, Agent-332
191, 799.89, 1332.14, 19900.992250221658, 12, Agent-484
192, 529.02, 778.58, 6012.351865255779, 5, Agent-476
193, 471.46, 619.69, 4528.514995599129, 6, Agent-353
194, 420.01, 801.56, 7829.407580560117, 8, Agent-60
195, 622.64, 921.84, 6562.271435853308, 7, Agent-305
196, 710.0, 1062.88, 9057.86431415429, 8, Agent-62
197, 861.75, 1245.95, 7382.8324153996755, 8, Agent-220
198, 591.45, 1080.06, 11852.247620730408, 7, Agent-342
199, 844.84, 1528.57, 12526.995873262615, 10, Agent-44
200, 1087.27, 2160.67, 20244.602041739694, 12, Agent-394
201, 1048.15, 2197.2, 17535.930921292987, 11, Agent-123
202, 1191.52, 3194.83, 46275.35590221727, 12, Agent-2
203, 827.85, 1718.08, 18844.8518183373, 12, Agent-2
204, 1180.6, 2925.14, 26938.77040090061, 13, Agent-414
205, 1128.77, 2329.19, 20323.49836221413, 10, Agent-449
206, 871.7, 1688.2, 11051.972985703002, 9, Agent-116
207, 871.16, 2038.06, 23140.134753833125, 11, Agent-80
208, 955.64, 1781.17, 19885.37115346389, 12, Agent-423
209, 1787.47, 4033.46, 37995.645617545546, 14, Agent-3
210, 1546.52, 2964.55, 23650.773103723186, 9, Agent-100
211, 1124.76, 2303.11, 19441.534739978662, 9, Agent-446
212, 868.02, 1566.83, 14131.2144310625, 10, Agent-398
213, 1078.17, 2041.16, 18185.974877348806, 11, Agent-423
214, 774.41, 1295.92, 8546.669808617726, 8, Agent-93
215, 662.23, 1130.47, 9600.980520771996, 8, Agent-394
216, 749.28, 1391.68, 13040.981344205555, 9, Agent-380
217, 770.35, 1352.4, 11153.751825493631, 8, Agent-240
218, 935.28, 1675.07, 14141.464259866721, 8, Agent-475
219, 776.1, 1394.08, 12277.220428951547, 10, Agent-130
220, 1031.34, 1919.87, 15771.355640259218, 10, Agent-413
221, 990.58, 1619.46, 12264.505735617357, 9, Agent-379
222, 901.0, 1667.66, 19292.57094488804, 12, Agent-395
223, 854.13, 1572.83, 19274.551511582857, 11, Agent-1
224, 963.3, 1570.58, 13900.21978124888, 8, Agent-28
225, 1066.09, 2269.03, 19038.754894558937, 10, Agent-299
226, 1245.77, 2273.73, 23607.427112131736, 12, Agent-204
227, 1066.64, 1929.1, 21642.438706119505, 12, Agent-122
228, 1677.65, 3577.95, 48493.965572024135, 16, Agent-240
229, 1709.52, 3577.02, 58321.50971033246, 12, Agent-445
230, 1946.84, 3126.4, 23301.193086817617, 13, Agent-477
231, 3577.86, 6200.05, 53128.288340332874, 13, Agent-169
232, 2495.99, 4977.77, 47092.91966631095, 10, Agent-362
233, 2625.8, 4843.81, 45477.329494316, 11, Agent-499
234, 2116.38, 4440.02, 41922.88206992103, 10, Agent-3
235, 1938.75, 4765.88, 55562.64112399203, 14, Agent-285
236, 3322.25, 7479.15, 92467.78897359232, 17, Agent-344
237, 5587.27, 12391.91, 132543.65753814348, 16, Agent-64
238, 4636.77, 13471.47, 143021.87071707143, 18, Agent-256
239, 4378.01, 11080.79, 132628.5739020595, 18, Agent-4
240, 3435.11, 9064.52, 77120.5562740487, 15, Agent-0
241, 3407.65, 9651.46, 90666.96930116275, 16, Agent-434
242, 2610.72, 5750.02, 41973.890521247245, 15, Agent-464
243, 4222.96, 9316.93, 110923.31378343915, 17, Agent-2
244, 4546.68, 15043.92, 172683.15888806275, 19, Agent-0
245, 2674.26, 7972.95, 97649.16448627613, 17, Agent-0
246, 2518.79, 7461.83, 95101.57180156147, 15, Agent-48
247, 4061.55, 9321.84, 94401.44848603927, 16, Agent-0
248, 2486.42, 5223.27, 53915.71724483128, 15, Agent-3
249, 4687.74, 12735.32, 139335.56435627112, 16, Agent-111
250, 3654.34, 13851.18, 261524.64742382383, 20, Agent-447
251, 4150.47, 13659.46, 158735.20396901073, 18, Agent-309
252, 4534.81, 11571.42, 139456.6074606553, 18, Agent-2
253, 5316.9, 13403.64, 149812.64547745942, 17, Agent-321
254, 8665.38, 24501.59, 244961.69890093053, 19, Agent-0
255, 8123.82, 20148.42, 156527.83279591348, 18, Agent-320
256, 9207.41, 36105.03, 534759.205076768, 21, Agent-193
257, 11155.39, 80922.46, 1766312.3046135437, 23, Agent-298
258, 10147.86, 24301.25, 220809.9166931201, 17, Agent-2
259, 8132.68, 27162.87, 442672.20078072103, 20, Agent-0
260, 10847.34, 24799.82, 194124.23172561606, 16, Agent-2
261, 8873.48, 21335.1, 182778.86109351972, 18, Agent-365
262, 7929.04, 15970.1, 133152.23526571857, 16, Agent-1
263, 10950.62, 23815.88, 231862.0013330329, 19, Agent-424
264, 9180.27, 21316.67, 166158.9056642408, 17, Agent-1
265, 8329.81, 18808.4, 158314.0554883561, 18, Agent-109
266, 13463.88, 28676.47, 258019.3852066623, 18, Agent-476
267, 11107.64, 26633.12, 169245.33197624655, 18, Agent-487
268, 12592.61, 28867.14, 204523.02161546797, 18, Agent-28
269, 15814.94, 32681.97, 174713.34190576963, 17, Agent-437
270, 11315.2, 29810.44, 261334.78948339453, 19, Agent-1
271, 14028.32, 32547.6, 214001.00022919718, 18, Agent-481
272, 11150.6, 28621.63, 263216.387894352, 19, Agent-2
273, 15292.85, 44828.54, 655488.4207713573, 21, Agent-3
274, 8570.05, 23090.88, 182180.44323699578, 16, Agent-219
275, 13359.96, 32913.45, 249290.69139084048, 19, Agent-439
276, 13474.31, 32892.81, 330677.26469279564, 19, Agent-2
277, 13576.31, 33861.91, 237670.23751287707, 18, Agent-3
278, 13297.79, 35068.8, 273513.9250458492, 20, Agent-107
279, 14044.56, 31320.92, 271901.90244332026, 19, Agent-52
280, 11001.49, 29716.0, 271561.27377422096, 19, Agent-40
281, 13627.15, 46285.13, 681658.2704409227, 21, Agent-455
282, 11784.8, 28162.01, 292903.77649282996, 20, Agent-279
283, 12112.72, 49604.96, 992291.4237313874, 22, Agent-1
284, 11795.02, 28661.94, 318513.97735709767, 19, Agent-0
285, 10911.22, 22434.27, 154174.82503943407, 18, Agent-279
286, 12325.73, 28980.2, 214424.00520215626, 19, Agent-212
287, 7140.62, 24606.44, 318962.95510956005, 20, Agent-216
288, 5271.21, 10950.48, 79371.30758333996, 16, Agent-0
289, 7406.11, 21357.08, 299094.39697112836, 20, Agent-243
290, 7613.91, 19063.92, 152212.4261814508, 17, Agent-1
291, 7035.51, 19705.46, 191136.34603255498, 18, Agent-335
292, 4817.21, 12207.72, 107269.93151561369, 15, Agent-4
293, 2865.2, 5918.11, 75489.82696553288, 16, Agent-376
294, 5892.6, 12676.97, 110065.57509312188, 17, Agent-249
295, 5021.78, 11737.99, 112655.16636694269, 15, Agent-3
296, 6323.79, 16183.54, 226138.87789334188, 19, Agent-367
297, 9347.76, 82932.08, 1765561.6394677348, 23, Agent-366
298, 8553.6, 27994.6, 308790.7218407534, 20, Agent-297
299, 15126.28, 53152.17, 913141.9462946249, 22, Agent-262
300, 10096.53, 39046.84, 634230.8290097775, 21, Agent-1
301, 26674.22, 120560.75, 2112491.824026156, 22, Agent-0
302, 31673.51, 108441.65, 1062320.937360937, 22, Agent-4
303, 21470.26, 119695.36, 2312154.6771911765, 23, Agent-225
304, 22033.27, 116592.17, 1956305.6871001958, 22, Agent-330
305, 31598.24, 341772.62, 7288846.447119363, 25, Agent-0
306, 22827.29, 103251.79, 1944441.6344135806, 23, Agent-0
307, 48382.35, 308698.56, 4365404.616787194, 24, Agent-2
308, 26785.16, 205977.2, 4356718.316533933, 24, Agent-99
309, 23464.48, 135966.12, 2441654.5772060603, 23, Agent-3
310, 12540.83, 56497.73, 770887.2854728505, 21, Agent-0
311, 22522.01, 268771.43, 5938634.177180973, 24, Agent-0
312, 21841.0, 124752.44, 2556657.5664150277, 23, Agent-0
313, 25116.26, 120570.32, 1773567.9545982922, 23, Agent-157
314, 17139.38, 95356.26, 1802728.2622816346, 23, Agent-462
315, 28272.42, 154419.08, 2509715.781345478, 23, Agent-2
316, 23687.58, 81281.02, 1007964.0301534131, 22, Agent-1
317, 26213.29, 132545.49, 2697385.7926827646, 23, Agent-2
318, 30104.39, 90900.6, 1052279.0699206337, 22, Agent-223
319, 19226.58, 115546.78, 2185208.728406525, 23, Agent-2
320, 15910.47, 158574.14, 3429836.2536454415, 24, Agent-0
321, 8182.83, 28683.71, 444703.4143021066, 20, Agent-0
322, 15805.15, 76432.89, 1028872.4495170235, 22, Agent-88
323, 15021.96, 87813.31, 1750736.8194055513, 23, Agent-1
324, 17785.89, 60197.57, 647121.7299112078, 21, Agent-87
325, 30072.5, 115190.04, 1254957.5983067225, 22, Agent-3
326, 29961.88, 143049.27, 2140718.8085245406, 23, Agent-0
327, 19866.29, 74901.6, 1233485.1852390857, 21, Agent-2
328, 11545.76, 55306.67, 903120.2861328654, 22, Agent-109
329, 14414.7, 76783.94, 1090489.6211803493, 21, Agent-2
330, 10503.22, 85630.95, 1742308.5379202268, 22, Agent-0
331, 25454.53, 90314.91, 1017328.3375599502, 22, Agent-362
332, 9835.01, 37439.14, 374535.0035521512, 20, Agent-44
333, 10030.56, 29840.2, 306327.88714428607, 19, Agent-12
334, 9215.44, 32928.53, 309749.8847741669, 20, Agent-371
335, 12640.6, 52347.27, 922789.273935852, 22, Agent-141
336, 10528.34, 36041.81, 500644.0402603607, 21, Agent-163
337, 8715.33, 23678.47, 204648.40120777392, 17, Agent-1
338, 8362.74, 24691.79, 245824.3886544896, 18, Agent-1
339, 8381.8, 23606.36, 197405.8873730009, 18, Agent-101
340, 14357.65, 42498.64, 635642.2753600276, 21, Agent-299
341, 9679.0, 25443.37, 223030.64562943886, 18, Agent-2
342, 10298.24, 31692.36, 374439.1885696384, 20, Agent-4
343, 11719.74, 29355.91, 310739.78562718834, 20, Agent-0
344, 17804.05, 44782.08, 355736.0256362733, 20, Agent-252
345, 12125.31, 46320.4, 782246.4130240601, 21, Agent-486
346, 13827.75, 33931.85, 291708.69139020826, 19, Agent-4
347, 8674.85, 26373.69, 286122.7495541002, 18, Agent-1
348, 9055.42, 27466.03, 329255.26175207907, 18, Agent-0
349, 9595.14, 33739.75, 380444.1158243309, 20, Agent-0
350, 10464.64, 28339.18, 223185.4275195868, 18, Agent-339
351, 11550.26, 28192.28, 216119.9343086842, 19, Agent-343
352, 13204.67, 42036.25, 681819.8905073552, 20, Agent-31
353, 18501.83, 48935.24, 494420.6569637406, 20, Agent-0
354, 10687.1, 31612.68, 283936.99820369604, 18, Agent-66
355, 11431.17, 30861.55, 250266.55719755916, 18, Agent-4
356, 15320.32, 42305.63, 472877.9582408308, 19, Agent-3
357, 12983.31, 37847.04, 414636.9986885547, 20, Agent-481
358, 14948.74, 37381.25, 312294.0453950675, 18, Agent-495
359, 16520.42, 40413.69, 348617.4800217736, 19, Agent-412
360, 11939.06, 29835.67, 244165.00314123565, 18, Agent-2
361, 11184.78, 26045.46, 180448.5410273031, 16, Agent-229
362, 8724.39, 23431.74, 184386.17020390357, 16, Agent-1
363, 6989.04, 20714.35, 167254.87835069833, 16, Agent-2
364, 8459.7, 23413.42, 199948.56087672777, 17, Agent-0
365, 12925.99, 32069.2, 255028.6800449656, 19, Agent-1
366, 11280.14, 25272.01, 189304.713871565, 18, Agent-120
367, 28217.47, 58900.31, 476056.52391802624, 20, Agent-121
368, 16659.84, 45234.45, 327853.64746895863, 20, Agent-281
369, 17006.0, 40930.98, 311591.5792471749, 20, Agent-250
370, 18552.9, 41872.43, 368606.43198081816, 20, Agent-77
371, 14064.36, 32256.97, 241731.6320966226, 17, Agent-386
372, 9800.92, 26597.6, 193576.47731234535, 18, Agent-1
373, 10421.18, 28207.34, 318286.7407065197, 18, Agent-0
374, 10840.52, 30509.24, 228002.19255955267, 17, Agent-0
375, 9293.94, 25304.93, 242963.37590373209, 19, Agent-229
376, 9481.22, 28841.0, 212474.6471695428, 17, Agent-1
377, 12891.62, 39838.26, 476800.15777132974, 21, Agent-396
378, 5578.41, 16768.64, 170608.13460947978, 17, Agent-426
379, 12898.29, 57816.17, 906880.6271361565, 22, Agent-99
380, 7265.02, 24462.8, 351114.21400331554, 20, Agent-0
381, 7988.78, 21126.5, 221537.33238208015, 19, Agent-3
382, 9867.66, 29938.94, 335058.0915256228, 20, Agent-4
383, 11300.17, 30557.11, 279549.5484802031, 18, Agent-67
384, 11449.3, 29442.58, 257068.09902156197, 19, Agent-47
385, 13256.96, 35614.01, 277393.02208580193, 18, Agent-163
386, 9517.03, 26688.79, 245511.24752352195, 19, Agent-106
387, 8379.15, 23768.91, 249208.5386580582, 19, Agent-466
388, 18509.33, 43951.5, 424539.1924773099, 20, Agent-48
389, 26459.22, 62025.56, 487947.4171510143, 21, Agent-477
390, 17851.13, 58904.03, 902057.8525632955, 22, Agent-174
391, 14595.1, 35503.35, 392064.9897398066, 20, Agent-199
392, 15051.3, 38290.83, 525012.0055317623, 20, Agent-17
393, 7668.49, 29221.7, 548887.6109823602, 21, Agent-6
394, 13957.14, 45262.0, 616551.8212277357, 21, Agent-478
395, 12425.33, 36655.81, 497823.5237705231, 21, Agent-282
396, 7503.71, 16930.41, 171992.58344495582, 19, Agent-161
397, 6194.06, 27644.58, 539512.9349560475, 21, Agent-189
398, 12357.19, 50312.97, 983866.762980145, 22, Agent-332
399, 9407.23, 29623.59, 478401.2958840209, 21, Agent-390
400, 5419.41, 13080.2, 134806.69043735202, 18, Agent-34
401, 5964.8, 17010.48, 167347.3236563178, 18, Agent-346
402, 6976.6, 17330.61, 152613.1988306513, 19, Agent-204
403, 4952.06, 12204.16, 193800.3696623034, 18, Agent-1
404, 11586.05, 29484.08, 323274.7619876283, 20, Agent-319
405, 10281.01, 37153.28, 557945.3877883314, 21, Agent-492
406, 5985.43, 12557.53, 111148.0355400604, 18, Agent-95
407, 4326.84, 10232.25, 95771.73672274513, 18, Agent-178
408, 5473.12, 12973.42, 155048.64506882516, 19, Agent-186
409, 5490.14, 9915.13, 84935.38947361623, 17, Agent-494
410, 6953.32, 15090.03, 179038.7444310324, 19, Agent-474
411, 6135.41, 13951.76, 145249.0748170837, 18, Agent-267
412, 6649.12, 12860.07, 91936.51596083831, 15, Agent-155
413, 5420.26, 12801.35, 112651.53850649716, 18, Agent-3
414, 2646.59, 9765.29, 185453.5828322959, 19, Agent-1
415, 3769.61, 8836.99, 95609.00099391147, 18, Agent-463
416, 8092.91, 14107.36, 155953.5239605258, 18, Agent-469
417, 6667.86, 17576.24, 212704.0155485616, 19, Agent-253
418, 7029.96, 16421.44, 186102.55830344016, 19, Agent-448
419, 7360.21, 15296.26, 168603.7859920171, 17, Agent-299
420, 8049.73, 17479.66, 169050.01153145553, 19, Agent-239
421, 6831.8, 19379.32, 296145.45396451076, 20, Agent-472
422, 6464.96, 15396.55, 176725.1178334591, 19, Agent-0
423, 7592.84, 16303.66, 174851.47427331042, 19, Agent-425
424, 6187.74, 15586.92, 191689.58123699468, 18, Agent-8
425, 9200.84, 22031.61, 258680.58957138905, 19, Agent-0
426, 7724.08, 18900.44, 149291.60058358187, 16, Agent-423
427, 11557.33, 30239.9, 382109.549404259, 20, Agent-76
428, 11221.94, 26622.74, 335007.4865965558, 20, Agent-278
429, 10425.19, 23270.47, 212710.5662247858, 18, Agent-0
430, 11692.84, 29516.07, 346689.2932557934, 19, Agent-4
431, 12686.37, 31427.92, 316874.16006417386, 19, Agent-218
432, 12520.1, 38307.92, 524229.2253215811, 21, Agent-86
433, 9003.54, 22736.7, 264296.0481162219, 20, Agent-461
434, 22568.62, 40137.17, 293387.40127291833, 19, Agent-163
435, 26842.56, 62053.69, 904681.4181015458, 22, Agent-86
436, 26777.85, 45220.86, 331691.92719806323, 20, Agent-68
437, 20008.92, 42237.23, 568281.7513363834, 21, Agent-334
438, 23792.83, 45873.85, 375396.9252812833, 20, Agent-58
439, 28772.44, 74300.93, 905282.2391986878, 22, Agent-339
440, 24901.92, 104810.8, 1748290.7915852473, 23, Agent-95
441, 25961.06, 72890.88, 936015.1509652545, 22, Agent-160
442, 27223.56, 80080.86, 934911.1368489321, 22, Agent-328
443, 35793.64, 141868.63, 2081223.1799820221, 23, Agent-114
444, 43173.28, 137082.85, 1844162.7807580954, 23, Agent-2
445, 13154.95, 59280.89, 903939.4066401499, 22, Agent-441
446, 22710.75, 106828.68, 1912609.2243388717, 23, Agent-44
447, 37067.82, 127155.9, 1011538.2470116507, 21, Agent-274
448, 163768.77, 721078.05, 10371406.632232215, 25, Agent-169
449, 118293.12, 373220.55, 2938740.5539579643, 23, Agent-413
450, 365621.5, 1465157.11, 15263821.400235962, 26, Agent-320
451, 662023.85, 3988321.97, 60930003.98769841, 28, Agent-110
452, 664175.09, 3832304.9, 53800514.79397776, 28, Agent-371
453, 332328.17, 1331476.47, 14260401.218382824, 26, Agent-228
454, 291148.64, 2309593.4, 33957659.17260955, 26, Agent-452
455, 1048054.82, 5220898.63, 55804647.70304527, 28, Agent-229
456, 1320275.15, 7309185.75, 113562068.60757649, 29, Agent-439
457, 1695213.82, 12791235.67, 232711493.26094246, 30, Agent-254
458, 781175.03, 3836632.27, 57225687.20680696, 28, Agent-146
459, 295081.73, 1848334.18, 27275644.06707903, 26, Agent-382
460, 441418.99, 5079281.09, 107747792.0525405, 29, Agent-107
461, 94621.54, 760091.98, 14412420.254614409, 26, Agent-179
462, 254039.74, 1978154.97, 30518328.653562892, 27, Agent-30
463, 100911.19, 738520.76, 10223347.666843832, 25, Agent-244
464, 45096.12, 622975.44, 13517165.522210822, 26, Agent-395
465, 51417.28, 282629.81, 3517042.2073643864, 24, Agent-341
466, 154814.51, 734708.42, 8543866.429639166, 25, Agent-306
467, 109510.07, 769858.66, 13644186.629367251, 25, Agent-0
468, 54106.96, 400504.97, 6794328.346089914, 25, Agent-404
469, 171644.48, 2426205.43, 53806720.31935769, 28, Agent-470
470, 255347.53, 2528337.21, 53816514.987420104, 28, Agent-464
471, 164435.81, 805321.83, 8800801.857783973, 25, Agent-86
472, 119457.03, 550909.43, 6793372.603965161, 25, Agent-20
473, 103012.04, 1291966.67, 27682040.57115226, 27, Agent-2
474, 105047.52, 721317.8, 13994054.829197768, 26, Agent-380
475, 45406.47, 207795.75, 3178241.4230233543, 23, Agent-135
476, 29092.55, 207542.76, 3779187.3685901873, 24, Agent-1
477, 55751.54, 271422.28, 5175034.109715812, 24, Agent-368
478, 32317.24, 111476.36, 1478241.576882828, 22, Agent-411
479, 11127.85, 41259.13, 489908.0090105951, 21, Agent-1
480, 22669.88, 116417.9, 1753948.5136345197, 23, Agent-71
481, 31563.63, 177629.11, 3435242.3552895198, 24, Agent-28
482, 18547.87, 119786.58, 1862375.5627354837, 22, Agent-1
483, 8721.8, 37211.18, 494107.2699659631, 21, Agent-457
484, 91492.19, 1215127.96, 26942439.708844833, 27, Agent-201
485, 73861.56, 237134.73, 2130303.3084410513, 23, Agent-4
486, 67996.7, 282041.82, 3429575.94685468, 24, Agent-473
487, 64828.58, 329771.76, 3998110.3735358105, 24, Agent-245
488, 92326.3, 789372.69, 14559176.792188818, 26, Agent-3
489, 94155.05, 718530.5, 13659751.865394855, 26, Agent-272
490, 15041.8, 70142.36, 1169493.6037316034, 22, Agent-348
491, 56824.87, 274664.75, 3721135.33185671, 24, Agent-406
492, 50392.57, 458998.8, 6835870.775947563, 25, Agent-27
493, 17472.74, 78626.47, 1107014.8878103544, 22, Agent-254
494, 12461.67, 49906.29, 916557.9048626302, 22, Agent-404
495, 19270.55, 94819.86, 1746207.0101646795, 23, Agent-70
496, 18820.92, 67644.87, 922813.8007854924, 22, Agent-304
497, 12621.91, 56999.93, 948829.4213004995, 22, Agent-3
498, 15175.02, 57601.31, 914506.3635678828, 22, Agent-149
499, 17810.17, 57267.67, 774331.4347575626, 21, Agent-498
500, 12828.14, 38985.36, 497806.5727776709, 21, Agent-463
501, 18155.14, 68864.7, 954353.8224889835, 22, Agent-190
502, 60718.76, 373684.33, 6806194.762909639, 25, Agent-1
503, 117211.52, 1269788.19, 26950444.093095392, 27, Agent-113
504, 46232.32, 264560.47, 3759576.3248637654, 24, Agent-39
505, 39444.33, 229095.52, 3479970.841967738, 24, Agent-183
506, 22629.94, 124765.48, 1894807.266780618, 23, Agent-255
507, 28688.35, 309030.93, 6803237.057180923, 25, Agent-154
508, 28540.28, 389080.47, 8695069.037746351, 25, Agent-164
509, 11656.0, 33345.81, 425618.6024015123, 20, Agent-277
510, 13657.16, 40902.37, 480812.75374620006, 21, Agent-291
511, 10001.09, 26951.31, 268776.3452221251, 20, Agent-74
512, 7040.19, 26578.34, 486720.24813781853, 21, Agent-356
513, 9576.67, 51671.75, 910708.5827951176, 22, Agent-193
514, 12795.11, 30088.76, 279252.3348377971, 20, Agent-262
515, 17381.78, 45724.17, 503453.36742888123, 21, Agent-261
516, 17887.56, 57536.25, 569480.3377172607, 21, Agent-31
517, 27567.29, 82608.29, 932574.1984886132, 22, Agent-330
518, 32184.01, 105079.11, 1812262.7732296444, 23, Agent-217
519, 26339.5, 164493.36, 3430712.572292748, 24, Agent-368
520, 24979.32, 145751.47, 2860363.448139114, 23, Agent-0
521, 37406.49, 315556.14, 6794186.205627578, 25, Agent-458
522, 48178.43, 610921.05, 13516182.27994122, 26, Agent-44
523, 25064.86, 164027.03, 3438152.017754293, 24, Agent-224
524, 38051.22, 193327.08, 3464195.948469579, 24, Agent-200
525, 43066.32, 196638.35, 2741549.134019074, 23, Agent-84
526, 38548.04, 175321.82, 2086656.5661603645, 23, Agent-269
527, 64292.42, 634394.21, 13542488.152440494, 26, Agent-474
528, 27258.7, 103361.05, 1807848.2744254875, 23, Agent-483
529, 45922.9, 325495.57, 6795160.232806705, 25, Agent-94
530, 20272.41, 162407.51, 3440889.9291777154, 24, Agent-2
531, 117312.43, 1279223.3, 27089432.443735134, 27, Agent-234
532, 90437.95, 468681.74, 6901348.681230922, 25, Agent-402
533, 28953.89, 311728.42, 6804808.83195197, 25, Agent-124
534, 22534.46, 79455.24, 1048030.6789647028, 22, Agent-56
535, 77391.02, 688018.89, 14005098.414633796, 26, Agent-348
536, 35909.77, 259273.2, 3647334.798176716, 23, Agent-4
537, 47743.77, 206945.4, 1938473.1335944086, 22, Agent-111
538, 36827.21, 145858.75, 1755911.5341636576, 23, Agent-131
539, 87982.27, 1213554.66, 26964445.633832596, 27, Agent-240
540, 22234.92, 118820.23, 1791842.361943819, 23, Agent-371
541, 26442.33, 194015.4, 3479378.13477357, 24, Agent-485
542, 40876.07, 213365.45, 3466064.4931359575, 24, Agent-152
543, 82280.47, 493281.68, 7732264.842324103, 25, Agent-24
544, 76892.45, 484153.68, 7037101.366560081, 25, Agent-480
545, 84375.08, 321348.64, 3432867.0271872366, 24, Agent-484
546, 32096.52, 166943.7, 2278902.5477330238, 23, Agent-182
547, 32510.4, 92540.65, 1004471.0260628937, 22, Agent-448
548, 53628.3, 162735.69, 1654950.6320220758, 22, Agent-227
549, 74367.39, 258442.7, 3499226.235513805, 24, Agent-474
550, 97467.64, 415226.38, 6809504.194208985, 25, Agent-215
551, 104051.53, 417940.87, 6822571.161576164, 25, Agent-73
552, 178106.12, 2424673.18, 54157934.91208996, 28, Agent-246
553, 110542.56, 530646.52, 7697242.088797103, 25, Agent-0
554, 151909.23, 854216.3, 13520411.111944403, 26, Agent-229
555, 37275.07, 203051.82, 3731217.199273641, 24, Agent-65
556, 265281.1, 1555108.78, 26956644.553812534, 27, Agent-394
557, 85537.74, 434414.26, 6792026.725809413, 25, Agent-438
558, 284855.34, 2068845.71, 33742466.64710948, 27, Agent-170
559, 180257.78, 870248.69, 13509657.186803121, 26, Agent-257
560, 209246.73, 1119204.58, 13519163.103810284, 26, Agent-386
561, 259965.58, 1649335.94, 30938471.52665187, 27, Agent-3
562, 348312.6, 1715075.53, 26967268.06064128, 27, Agent-200
563, 279447.19, 1752292.51, 28967599.476220258, 27, Agent-284
564, 290949.5, 2756329.7, 57224507.13285756, 28, Agent-327
565, 292830.68, 4860785.33, 107763659.5617989, 29, Agent-332
566, 890526.73, 19194021.0, 429634821.2640993, 31, Agent-3
567, 50863.22, 351765.51, 6893852.691785892, 25, Agent-0
568, 2790333.93, 39958819.99, 859409464.6024456, 32, Agent-469
569, 3138947.9, 43222196.65, 859142222.7811944, 32, Agent-216
570, 4476507.59, 55203914.15, 859391954.497192, 32, Agent-285
571, 352175.42, 4975913.9, 107645132.98874727, 29, Agent-2
572, 379089.07, 3583210.23, 53930531.61044588, 28, Agent-291
573, 1733138.79, 22092508.86, 429710526.602471, 31, Agent-0
574, 4637692.16, 41436011.31, 537319537.4790213, 31, Agent-52
575, 342716.44, 3664385.53, 53791767.95715163, 28, Agent-85
576, 2287037.74, 38827575.88, 859127030.1248424, 32, Agent-200
577, 890623.75, 6644237.65, 107581913.4973317, 29, Agent-163
578, 3239920.94, 43348548.64, 859197745.5535071, 32, Agent-90
579, 482847.59, 5579426.13, 107556343.84895083, 29, Agent-8
580, 410978.06, 3836692.13, 53871232.997925855, 28, Agent-3
581, 233730.89, 2643764.07, 53791449.14518595, 28, Agent-34
582, 37926.87, 356249.88, 6792568.923139075, 25, Agent-412
583, 15827.56, 60440.95, 954906.6781873347, 21, Agent-13
584, 14878.39, 46213.88, 496361.7123301872, 21, Agent-278
585, 4488.34, 12707.15, 160002.68477582646, 19, Agent-480
586, 7329.29, 22989.66, 274517.2362865685, 20, Agent-240
587, 17232.73, 89050.28, 1773315.9105107982, 23, Agent-117
588, 18435.44, 156515.42, 3428775.410852597, 24, Agent-368
589, 14020.17, 42014.68, 505151.53662845184, 21, Agent-312
590, 23310.8, 64924.7, 935424.602551011, 22, Agent-291
591, 24718.81, 68370.84, 902520.7216713268, 22, Agent-441
592, 38278.96, 205684.58, 3495602.3830270655, 24, Agent-377
593, 35341.14, 192047.09, 3442100.6654799515, 24, Agent-226
594, 37303.63, 187660.79, 3430978.2595068133, 24, Agent-88
595, 43908.32, 321853.42, 6791580.675750908, 25, Agent-445
596, 27786.26, 99864.78, 1845732.377987701, 23, Agent-1
597, 45305.29, 234429.0, 4342962.442083071, 24, Agent-277
598, 29478.07, 163567.19, 3449815.357488322, 24, Agent-220
599, 41875.01, 192340.17, 3433702.4679274596, 24, Agent-381
600, 21158.69, 40456.11, 479241.34652469365, 21, Agent-340
601, 30215.17, 80694.86, 944369.1634567373, 22, Agent-436
602, 35868.99, 125111.49, 1794018.8622613163, 23, Agent-230
603, 62047.63, 176895.06, 2082849.5580299883, 23, Agent-346
604, 100398.88, 278012.56, 3595127.736163729, 24, Agent-396
605, 53990.51, 165934.83, 2681818.009887532, 23, Agent-0
606, 97674.09, 654640.82, 13536705.5213298, 26, Agent-278
607, 40043.08, 198479.35, 3447324.07761757, 24, Agent-273
608, 43640.85, 318994.52, 6803763.298544617, 25, Agent-127
609, 86082.73, 666204.74, 13513338.888805386, 26, Agent-241
610, 33422.66, 216943.46, 3431184.7516728654, 24, Agent-19
611, 61541.74, 363981.34, 6864107.429565543, 25, Agent-14
612, 83159.34, 699700.02, 13549322.991795342, 26, Agent-379
613, 105989.29, 557338.38, 6910983.179087658, 25, Agent-76
614, 34074.68, 172105.67, 3168240.111224915, 23, Agent-153
615, 125549.1, 1246884.95, 27004316.691538107, 27, Agent-273
616, 92329.53, 840058.52, 16979741.13878073, 26, Agent-389
617, 90651.52, 444064.94, 6804948.83361757, 25, Agent-160
618, 67109.76, 336454.11, 3539489.416545254, 24, Agent-4
619, 74885.22, 402782.28, 6102500.70067479, 24, Agent-21
620, 169619.71, 2436207.19, 53837220.96634163, 28, Agent-0
621, 102751.75, 523720.71, 7275581.609681638, 25, Agent-285
622, 105187.88, 886437.33, 17859571.214605078, 26, Agent-92
623, 35850.68, 179865.27, 1911283.9036987338, 23, Agent-3
624, 65705.35, 382847.54, 6832717.55670726, 25, Agent-495
625, 104312.51, 1257582.41, 26975984.790107496, 27, Agent-488
626, 29180.09, 97354.74, 1170974.8048372432, 22, Agent-410
627, 108750.46, 800593.64, 13552759.660667455, 26, Agent-495
628, 211870.98, 1320692.69, 13568023.492044043, 26, Agent-119
629, 196260.23, 2465499.07, 53827325.08192476, 28, Agent-331
630, 96757.46, 563565.82, 6801613.25638756, 25, Agent-334
631, 63277.87, 518639.22, 10256824.978401894, 25, Agent-396
632, 156071.12, 1433781.12, 26968930.292886633, 27, Agent-450
633, 12339.47, 153571.02, 3436829.276942977, 24, Agent-131
634, 499410.57, 4006737.21, 53812233.717348, 28, Agent-82
635, 1312845.68, 14452870.12, 214933183.5067041, 30, Agent-0
636, 960525.03, 10300716.6, 214872470.4760584, 30, Agent-475
637, 4282675.93, 76873612.31, 1718425441.8429348, 33, Agent-487
638, 7366885.81, 153596145.85, 3436617708.949664, 34, Agent-66
639, 3451751.89, 30922945.16, 429635732.80075395, 31, Agent-168
640, 2563617.78, 38881314.64, 859134619.4569308, 32, Agent-117
641, 1014514.64, 6046248.88, 109258495.12141402, 29, Agent-161
642, 15748732.43, 307370144.83, 6872600800.326541, 35, Agent-154
643, 450601.42, 1768244.11, 16938581.648105152, 26, Agent-446
644, 2699597.53, 38971203.24, 859139134.2384545, 32, Agent-490
645, 129367.7, 777228.39, 13576064.964719117, 26, Agent-122
646, 790635.99, 4563373.25, 60768305.91541149, 28, Agent-370
647, 320274.88, 2769701.66, 57688962.56923704, 28, Agent-173
648, 735234.12, 3974717.37, 56549584.8939227, 28, Agent-27
649, 547609.9, 4972319.48, 107524968.40425844, 29, Agent-188
650, 446516.99, 1936581.54, 27421471.533883415, 27, Agent-396
651, 204713.74, 1302740.2, 16957470.85219334, 26, Agent-465
652, 339618.83, 1369936.34, 13707314.19967327, 26, Agent-401
653, 327196.55, 2095952.11, 29903365.2202716, 27, Agent-175
654, 559546.99, 5775233.88, 108393789.84883139, 29, Agent-10
655, 367612.6, 2212136.01, 30370930.45484264, 27, Agent-391
656, 400136.51, 2025466.95, 26965628.75315671, 27, Agent-30
657, 472087.51, 5054767.59, 107541771.34945694, 29, Agent-409
658, 466120.25, 3319278.01, 55793941.39080487, 28, Agent-115
659, 7252845.89, 85067870.46, 1719049800.0727265, 33, Agent-358
660, 26998170.18, 346268513.85, 6872602618.374075, 35, Agent-412
661, 2605700.24, 16615044.47, 268675523.7137678, 30, Agent-74
662, 7325831.11, 72853341.72, 1291390937.728611, 32, Agent-310
663, 17739236.28, 183859798.23, 3442940087.8674865, 34, Agent-2
664, 5629708.42, 51862689.29, 859280722.9093294, 32, Agent-293
665, 22808704.73, 158566476.25, 1721656494.0826535, 33, Agent-356
666, 12890085.34, 119741802.97, 1718314228.7540157, 33, Agent-414
667, 6648293.55, 100142411.05, 2154858405.7446737, 33, Agent-78
668, 6222490.18, 87857147.92, 1718146984.5323849, 33, Agent-286
669, 5391813.1, 58568266.59, 859474686.8898981, 31, Agent-2
670, 2479186.88, 25796869.34, 429623352.9514228, 31, Agent-173
671, 1359256.09, 21719573.32, 429622806.7402326, 31, Agent-222
672, 724547.26, 10864496.29, 216792354.106808, 30, Agent-2
673, 611903.62, 9806314.2, 216789801.29354906, 29, Agent-0
674, 531148.78, 4597555.5, 60608263.310850404, 28, Agent-206
675, 9617885.23, 128355520.15, 2686525316.163272, 33, Agent-26
676, 13981229.27, 177530325.67, 3436138848.011953, 34, Agent-364
677, 4878775.75, 49934921.99, 865935575.1016686, 32, Agent-143
678, 63591222.07, 1237428567.17, 27487977078.628273, 37, Agent-485
679, 9192895.37, 156040002.25, 3436147127.557084, 34, Agent-260
680, 5234664.14, 58523367.32, 859158074.7906538, 32, Agent-314
681, 50905576.66, 648295600.85, 13744063419.582815, 36, Agent-17
682, 76126770.98, 778698542.86, 13744079757.043167, 36, Agent-55
683, 79856224.95, 711989897.93, 13744069776.834934, 36, Agent-171
684, 9544346.1, 118084265.29, 1933013748.9122498, 33, Agent-4
685, 854458.66, 10403446.45, 216611479.4394668, 30, Agent-22
686, 2005676.92, 27278104.32, 429682392.2332762, 31, Agent-352
687, 461563.86, 4441091.94, 54320377.84555495, 28, Agent-3
688, 4155453.71, 48194473.02, 860069067.5715802, 32, Agent-137
689, 1804811.06, 20539806.67, 429661258.2504417, 31, Agent-2
690, 2130583.39, 38486097.03, 859174625.8337171, 32, Agent-201
691, 2460223.49, 24193079.41, 429749667.7976672, 31, Agent-53
692, 593363.37, 5818296.11, 107483524.48874697, 29, Agent-0
693, 3168785.19, 43166319.03, 859152465.4018465, 32, Agent-44
694, 2055756510.84, 39355672890.6, 879609550090.927, 42, Agent-18
695, 140347768.99, 2470738360.96, 54982574333.16963, 38, Agent-102
696, 33942029.82, 616823178.07, 13744082542.584682, 36, Agent-217
697, 537736005.66, 5962668004.14, 113387571024.88174, 39, Agent-128
698, 111805413.7, 1323667682.64, 27494770363.28304, 37, Agent-89
699, 330514622.62, 5104030346.18, 109951372143.64934, 39, Agent-107
700, 310814838.3, 3598559748.57, 54989348358.5116, 38, Agent-139
701, 50836995.13, 342486376.02, 4516932112.212176, 34, Agent-396
702, 513926381.93, 5781911272.57, 109951363835.73215, 39, Agent-365
703, 710377470.62, 11189397678.9, 219902599917.7474, 40, Agent-1
704, 1899377039.89, 39331437260.32, 879609580281.6614, 42, Agent-415
705, 246024512.1, 4915063447.44, 109951368822.32724, 39, Agent-176
706, 5393255.04, 79529297.63, 1718133753.6096432, 33, Agent-499
707, 16692379.4, 171837772.93, 3436191617.852269, 34, Agent-113
708, 44487171.8, 348285722.14, 5154481761.6426525, 34, Agent-125
709, 7600868.04, 62317044.85, 859171603.2418396, 32, Agent-189
